6714
5604
1432
5292
6790
1017
5594
5294
1457
6850
4217
5170
1612
11200
9833
5347
5747
1119
780
5603
7272
3717
5602
1111
1613
4751
9448
1120
3932
7046
2081
5290
1956
3791
8428
2260
2050
5599
5979
10298
1459
5058
10461
4233
5598
238
84930
9261
3480
2185
695
1021
3702
156
2263
2048
5584
1024
84630
1859
1025
1969
25
5566
54757
9088
1453
51135
9578
3643
8767
2043
3055
5609
90
6885
10769
7867
6093
9201
2870
4914
5595
2066
1020
6198
7010
9475
1198
10645
51086
2264
8445
8737
2932
5563
673
83903
3815
6197
207
3718
983
7297
2534
3716
208
197259
2047
1195
2321
1436
2042
8408
51755
7786
1456
5601
283455
2242
8491
9020
4916
7465
3985
5298
5753
6732
6446
7535
5588
2049
5585
9451
55589
4915
6788
5600
1454
9212
6733
6098
51776
5592
494551
4293
23043
29110
5289
2064
1326
8899
11040
6041
27
3654
5583
2580
57787
5293
7048
5578
5579
10188
4067
2065
2011
6195
10733
558
640
660
814
815
816
817
818
1019
1022
1147
1196
1263
1445
1452
1455
2241
2261
2268
2322
2324
2444
2475
2869
2872
2931
3551
3984
4058
4139
4140
4145
4215
4294
4486
4593
4638
4750
4752
4881
5156
5159
5261
5291
5562
5580
5581
5582
5586
5587
5590
5591
5593
5605
5606
5608
5610
5613
5871
5894
6011
6300
6725
6787
6795
7301
7525
8317
8444
8476
8536
8550
8569
8798
9149
9263
9641
9748
9891
10000
10110
11113
11183
23097
23178
23235
23617
23683
26576
28996
50488
51701
53944
54101
55872
57118
57396
57551
65268
65975
83942
84446
91807
147746
166614
204851
415116
91
92
93
94
657
658
659
699
984
1018
1760
2041
2044
2045
2046
2051
2868
3611
3645
4117
4214
4216
4296
4921
5062
5063
5127
5128
5129
5218
5260
5287
5288
5567
5596
5597
5607
6416
6789
6792
6793
6794
7006
7016
7075
7294
7444
8396
8573
8576
8621
8711
8814
8999
9024
9064
9113
9175
9262
9344
9706
9943
10114
10494
10746
10783
11184
11329
22848
22858
22983
23012
23387
23396
23604
23678
25989
26524
27102
27347
30811
51265
51347
51765
53904
54861
55351
55561
56924
56997
57144
57172
65061
79837
79934
80122
81788
84254
85366
85443
91754
122011
131890
140469
140609
140803
150094
167359
202374
225689
255239
282974
285220
340156
341676
389840
728642
